#description: jpscore (0.8.4)
#count: 0
#framerate: 1.00
#geometry: events_geo.xml
#ID: the agent ID
#FR: the current frame
#X,Y,Z: the agents coordinates (in metres)
#A, B: semi-axes of the ellipse
#ANGLE: orientation of the ellipse
#COLOR: color of the ellipse

#ID	FR	X	Y	Z	A	B	ANGLE	COLOR	
1	0	1.00	9.50	0.00	0.18	0.25	-90.00	0	
2	0	8.00	6.50	0.00	0.18	0.25	-90.00	0	
3	0	7.50	7.00	0.00	0.18	0.25	-90.00	0	
4	0	8.00	8.50	0.00	0.18	0.25	-90.00	0	
5	0	6.00	8.00	0.00	0.18	0.25	-90.00	0	
6	0	9.50	8.50	0.00	0.18	0.25	-90.00	0	
7	0	12.00	9.50	0.00	0.18	0.25	-90.00	0	
8	0	12.50	7.00	0.00	0.18	0.25	-90.00	0	
9	0	16.00	6.50	0.00	0.18	0.25	-90.00	0	
10	0	15.50	7.00	0.00	0.18	0.25	-90.00	0	
11	0	16.00	8.50	0.00	0.18	0.25	-90.00	0	
12	0	14.00	8.00	0.00	0.18	0.25	-90.00	0	
13	0	17.50	8.50	0.00	0.18	0.25	-90.00	0	
14	0	3.00	0.50	0.00	0.18	0.25	90.00	0	
15	0	2.50	1.00	0.00	0.18	0.25	90.00	0	
16	0	3.00	2.50	0.00	0.18	0.25	90.00	0	
17	0	1.00	2.00	0.00	0.18	0.25	90.00	0	
18	0	4.50	2.50	0.00	0.18	0.25	90.00	0	
19	0	8.00	0.50	0.00	0.18	0.25	90.00	0	
20	0	7.50	1.00	0.00	0.18	0.25	90.00	0	
21	0	8.00	2.50	0.00	0.18	0.25	90.00	0	
22	0	6.00	2.00	0.00	0.18	0.25	90.00	0	
23	0	9.50	2.50	0.00	0.18	0.25	90.00	0	
24	0	16.00	0.50	0.00	0.18	0.25	90.00	0	
25	0	15.50	1.00	0.00	0.18	0.25	90.00	0	
26	0	16.00	2.50	0.00	0.18	0.25	90.00	0	
27	0	14.00	2.00	0.00	0.18	0.25	90.00	0	
28	0	17.50	2.50	0.00	0.18	0.25	90.00	0	
1	1	1.09	9.23	0.00	0.40	0.21	-69.75	220	
2	1	7.93	6.50	0.00	0.22	0.24	-179.97	40	
3	1	7.46	6.87	0.00	0.23	0.24	-114.28	52	
4	1	7.98	8.26	0.00	0.34	0.22	-95.11	163	
5	1	6.12	7.79	0.00	0.34	0.22	-61.48	163	
6	1	9.36	8.28	0.00	0.36	0.21	-121.82	183	
7	1	11.98	9.22	0.00	0.38	0.21	-95.89	205	
8	1	12.33	6.87	0.00	0.32	0.22	-161.09	141	
9	1	15.87	6.28	0.00	0.39	0.21	-120.63	215	
10	1	15.47	6.75	0.00	0.37	0.21	-98.98	191	
11	1	15.97	8.23	0.00	0.38	0.21	-95.13	206	
12	1	14.12	7.79	0.00	0.36	0.22	-58.99	178	
13	1	17.36	8.27	0.00	0.38	0.21	-122.90	203	
14	1	2.99	0.75	0.00	0.37	0.21	92.42	190	
15	1	2.50	1.27	0.00	0.38	0.21	90.36	202	
16	1	2.95	2.78	0.00	0.40	0.21	101.28	220	
17	1	1.14	2.22	0.00	0.37	0.21	57.23	194	
18	1	4.31	2.68	0.00	0.37	0.21	138.62	195	
19	1	7.99	0.75	0.00	0.37	0.21	92.46	190	
20	1	7.50	1.27	0.00	0.38	0.21	90.36	202	
21	1	7.95	2.78	0.00	0.40	0.21	101.28	220	
22	1	6.14	2.22	0.00	0.37	0.21	57.29	195	
23	1	9.31	2.68	0.00	0.37	0.21	138.62	195	
24	1	15.99	0.76	0.00	0.37	0.21	92.43	190	
25	1	15.50	1.27	0.00	0.38	0.21	90.36	202	
26	1	15.95	2.78	0.00	0.39	0.21	101.37	220	
27	1	14.14	2.22	0.00	0.37	0.21	57.26	194	
28	1	17.31	2.67	0.00	0.37	0.21	138.64	195	
1	2	1.26	8.79	0.00	0.42	0.20	-69.57	250	
2	2	7.86	6.50	0.00	0.21	0.25	178.80	26	
3	2	7.44	6.82	0.00	0.18	0.25	173.93	1	
4	2	7.95	7.96	0.00	0.32	0.22	-93.12	141	
5	2	6.26	7.51	0.00	0.34	0.22	-62.83	161	
6	2	9.18	7.99	0.00	0.35	0.22	-121.84	172	
7	2	11.93	8.82	0.00	0.38	0.21	-97.08	204	
8	2	12.08	6.85	0.00	0.29	0.23	179.54	110	
9	2	15.62	5.89	0.00	0.41	0.20	-134.37	238	
10	2	15.40	6.36	0.00	0.38	0.21	-99.62	198	
11	2	15.94	7.80	0.00	0.40	0.20	-94.65	230	
12	2	14.31	7.48	0.00	0.36	0.21	-57.58	182	
13	2	17.13	7.93	0.00	0.38	0.21	-124.50	208	
14	2	2.97	1.15	0.00	0.38	0.21	92.69	202	
15	2	2.50	1.69	0.00	0.39	0.21	90.56	217	
16	2	2.85	3.24	0.00	0.43	0.20	101.40	250	
17	2	1.35	2.55	0.00	0.38	0.21	56.19	203	
18	2	4.01	2.94	0.00	0.38	0.21	139.73	205	
19	2	7.97	1.15	0.00	0.38	0.21	92.71	203	
20	2	7.50	1.69	0.00	0.39	0.21	90.57	217	
21	2	7.85	3.24	0.00	0.42	0.20	101.40	250	
22	2	6.35	2.56	0.00	0.38	0.21	56.26	203	
23	2	9.01	2.94	0.00	0.38	0.21	139.73	205	
24	2	15.97	1.15	0.00	0.38	0.21	92.70	203	
25	2	15.50	1.69	0.00	0.39	0.21	90.57	217	
26	2	15.85	3.24	0.00	0.42	0.20	101.49	250	
27	2	14.35	2.55	0.00	0.38	0.21	56.22	203	
28	2	17.01	2.94	0.00	0.38	0.21	139.75	205	
1	3	1.43	8.33	0.00	0.42	0.20	-69.18	250	
2	3	7.83	6.50	0.00	0.19	0.25	176.90	11	
3	3	7.44	6.80	0.00	0.19	0.25	-95.43	7	
4	3	7.95	7.70	0.00	0.30	0.22	-90.58	126	
5	3	6.41	7.23	0.00	0.33	0.22	-62.89	156	
6	3	9.01	7.71	0.00	0.34	0.22	-120.65	161	
7	3	11.88	8.42	0.00	0.39	0.21	-95.55	219	
8	3	11.90	6.73	0.00	0.36	0.21	-114.03	184	
9	3	15.22	5.64	0.00	0.42	0.20	-154.40	246	
10	3	15.35	6.01	0.00	0.36	0.21	-92.50	185	
11	3	15.90	7.35	0.00	0.40	0.21	-94.57	224	
12	3	14.50	7.20	0.00	0.34	0.22	-56.33	162	
13	3	16.91	7.61	0.00	0.37	0.21	-122.09	188	
14	3	2.95	1.54	0.00	0.37	0.21	94.29	191	
15	3	2.49	2.11	0.00	0.39	0.21	91.47	208	
16	3	2.76	3.73	0.00	0.43	0.20	101.42	254	
17	3	1.56	2.87	0.00	0.36	0.22	59.40	182	
18	3	3.73	3.13	0.00	0.31	0.22	161.13	129	
19	3	7.95	1.54	0.00	0.37	0.21	94.21	190	
20	3	7.49	2.11	0.00	0.38	0.21	91.45	206	
21	3	7.76	3.73	0.00	0.43	0.20	101.42	254	
22	3	6.57	2.88	0.00	0.36	0.21	58.35	185	
23	3	8.72	3.13	0.00	0.31	0.22	161.52	132	
24	3	15.95	1.54	0.00	0.37	0.21	94.30	191	
25	3	15.49	2.11	0.00	0.38	0.21	91.54	207	
26	3	15.76	3.67	0.00	0.37	0.21	101.30	197	
27	3	14.55	2.87	0.00	0.36	0.22	59.84	179	
28	3	16.73	3.13	0.00	0.30	0.23	160.62	127	
1	4	1.61	7.90	0.00	0.40	0.21	-66.83	224	
2	4	7.81	6.50	0.00	0.18	0.25	172.55	5	
3	4	7.43	6.78	0.00	0.19	0.25	-95.00	10	
4	4	7.95	7.49	0.00	0.27	0.23	-85.70	90	
5	4	6.53	6.97	0.00	0.30	0.23	-60.91	120	
6	4	8.86	7.44	0.00	0.33	0.22	-116.33	149	
7	4	11.84	7.96	0.00	0.42	0.20	-94.41	242	
8	4	11.77	6.31	0.00	0.42	0.20	-104.21	244	
9	4	14.78	5.43	0.00	0.43	0.20	-154.95	251	
10	4	15.11	5.79	0.00	0.38	0.21	-154.54	205	
11	4	15.86	6.91	0.00	0.40	0.20	-96.02	229	
12	4	14.67	6.95	0.00	0.30	0.23	-49.16	124	
13	4	16.73	7.31	0.00	0.35	0.22	-120.76	171	
14	4	2.92	1.88	0.00	0.34	0.22	96.06	163	
15	4	2.49	2.50	0.00	0.35	0.22	85.54	177	
16	4	2.60	4.15	0.00	0.38	0.21	145.81	205	
17	4	1.74	3.10	0.00	0.27	0.23	36.45	96	
18	4	3.54	3.14	0.00	0.25	0.24	-179.26	74	
19	4	7.92	1.88	0.00	0.34	0.22	95.93	161	
20	4	7.49	2.49	0.00	0.35	0.22	85.51	172	
21	4	7.60	4.13	0.00	0.37	0.21	152.40	191	
22	4	6.75	3.10	0.00	0.27	0.23	37.77	94	
23	4	8.53	3.14	0.00	0.25	0.24	179.97	74	
24	4	15.92	1.88	0.00	0.34	0.22	96.15	163	
25	4	15.48	2.49	0.00	0.35	0.21	86.22	178	
26	4	15.70	3.99	0.00	0.34	0.22	103.48	163	
27	4	14.73	3.10	0.00	0.28	0.23	35.84	100	
28	4	16.55	3.14	0.00	0.25	0.24	-179.72	75	
1	5	1.78	7.51	0.00	0.39	0.21	-66.57	214	
2	5	7.80	6.50	0.00	0.19	0.25	-178.50	9	
3	5	7.43	6.77	0.00	0.18	0.25	-107.01	0	
4	5	7.96	7.33	0.00	0.26	0.23	-88.41	78	
5	5	6.64	6.88	0.00	0.22	0.24	1.03	39	
6	5	8.74	7.18	0.00	0.32	0.22	-116.50	142	
7	5	11.81	7.48	0.00	0.42	0.20	-94.14	247	
8	5	11.67	5.83	0.00	0.43	0.20	-95.68	252	
9	5	14.33	5.22	0.00	0.43	0.20	-155.35	250	
10	5	14.72	5.62	0.00	0.40	0.20	-156.58	225	
11	5	15.80	6.47	0.00	0.39	0.21	-99.70	215	
12	5	14.81	6.87	0.00	0.25	0.24	0.92	67	
13	5	16.55	7.03	0.00	0.35	0.22	-125.27	169	
14	5	2.89	2.18	0.00	0.32	0.22	97.09	147	
15	5	2.52	2.83	0.00	0.36	0.22	88.08	178	
16	5	2.17	4.26	0.00	0.42	0.20	173.79	242	
17	5	1.79	3.12	0.00	0.18	0.25	-1.55	5	
18	5	3.42	3.14	0.00	0.22	0.24	-179.61	44	
19	5	7.89	2.17	0.00	0.32	0.22	96.83	145	
20	5	7.52	2.81	0.00	0.35	0.22	88.11	172	
21	5	7.18	4.22	0.00	0.41	0.20	174.93	240	
22	5	6.81	3.12	0.00	0.19	0.25	-8.81	4	
23	5	8.41	3.14	0.00	0.22	0.24	179.51	43	
24	5	15.89	2.18	0.00	0.32	0.22	97.01	143	
25	5	15.51	2.81	0.00	0.34	0.22	88.27	162	
26	5	15.42	4.11	0.00	0.38	0.21	174.20	202	
27	5	14.79	3.12	0.00	0.18	0.25	-2.14	3	
28	5	16.42	3.14	0.00	0.23	0.24	179.73	48	
1	6	1.94	7.13	0.00	0.38	0.21	-66.56	202	
2	6	7.78	6.50	0.00	0.19	0.25	172.80	7	
3	6	7.43	6.77	0.00	0.18	0.25	-106.92	0	
4	6	7.96	7.17	0.00	0.26	0.23	-91.32	81	
5	6	6.71	6.88	0.00	0.21	0.24	-0.16	33	
6	6	8.62	6.95	0.00	0.29	0.23	-120.76	109	
7	6	11.77	7.00	0.00	0.42	0.20	-94.10	247	
8	6	11.65	5.34	0.00	0.43	0.20	-91.71	253	
9	6	13.90	5.02	0.00	0.40	0.20	-152.33	228	
10	6	14.31	5.44	0.00	0.40	0.20	-156.90	227	
11	6	15.72	6.06	0.00	0.39	0.21	-103.27	215	
12	6	14.93	6.87	0.00	0.23	0.24	-0.03	51	
13	6	16.36	6.87	0.00	0.27	0.23	-165.79	96	
14	6	2.83	2.44	0.00	0.31	0.22	105.03	131	
15	6	2.53	3.23	0.00	0.40	0.21	89.11	229	
16	6	1.74	4.29	0.00	0.39	0.21	178.51	211	
17	6	1.82	3.12	0.00	0.21	0.25	0.86	28	
18	6	3.36	3.14	0.00	0.21	0.24	-178.97	31	
19	6	7.84	2.43	0.00	0.31	0.22	105.29	130	
20	6	7.52	3.20	0.00	0.41	0.20	89.76	231	
21	6	6.69	4.24	0.00	0.43	0.20	178.80	252	
22	6	6.83	3.12	0.00	0.21	0.25	0.14	24	
23	6	8.35	3.14	0.00	0.21	0.24	179.11	29	
24	6	15.83	2.43	0.00	0.31	0.22	104.60	128	
25	6	15.52	3.16	0.00	0.37	0.21	86.84	196	
26	6	14.99	4.14	0.00	0.40	0.21	179.62	225	
27	6	14.81	3.12	0.00	0.21	0.25	-1.05	25	
28	6	16.36	3.14	0.00	0.20	0.25	-179.74	25	
1	7	2.09	6.79	0.00	0.40	0.21	-71.57	223	
2	7	7.77	6.50	0.00	0.18	0.25	175.30	3	
3	7	7.43	6.77	0.00	0.18	0.25	-94.26	4	
4	7	7.96	7.00	0.00	0.27	0.23	-93.11	88	
5	7	6.77	6.88	0.00	0.21	0.24	0.80	30	
6	7	8.53	6.88	0.00	0.21	0.24	178.68	33	
7	7	11.74	6.51	0.00	0.42	0.20	-94.14	248	
8	7	11.64	4.84	0.00	0.43	0.20	-90.61	254	
9	7	13.52	4.85	0.00	0.37	0.21	-167.06	190	
10	7	13.92	5.27	0.00	0.38	0.21	-156.54	200	
11	7	15.47	5.77	0.00	0.38	0.21	-154.14	205	
12	7	15.02	6.85	0.00	0.27	0.23	-64.44	87	
13	7	16.18	6.87	0.00	0.26	0.23	179.27	79	
14	7	2.77	2.70	0.00	0.32	0.22	100.05	145	
15	7	2.53	3.70	0.00	0.43	0.20	89.89	251	
16	7	1.34	4.30	0.00	0.38	0.21	179.58	198	
17	7	1.88	3.12	0.00	0.20	0.25	0.91	19	
18	7	3.29	3.14	0.00	0.21	0.24	179.46	31	
19	7	7.77	2.69	0.00	0.32	0.22	100.53	142	
20	7	7.52	3.68	0.00	0.43	0.20	89.97	251	
21	7	6.19	4.25	0.00	0.43	0.20	179.41	254	
22	7	6.88	3.12	0.00	0.20	0.25	1.45	19	
23	7	8.28	3.14	0.00	0.21	0.24	-179.70	32	
24	7	15.77	2.69	0.00	0.32	0.22	100.31	146	
25	7	15.54	3.57	0.00	0.37	0.21	87.41	189	
26	7	14.55	4.14	0.00	0.40	0.21	179.89	225	
27	7	14.87	3.12	0.00	0.20	0.25	-2.26	22	
28	7	16.30	3.14	0.00	0.21	0.25	-179.67	29	
1	8	2.21	6.37	0.00	0.37	0.21	-73.67	193	
2	8	7.77	6.50	0.00	0.18	0.25	-163.86	1	
3	8	7.43	6.77	0.00	0.18	0.25	-95.44	1	
4	8	7.94	6.86	0.00	0.23	0.24	-103.80	47	
5	8	6.83	6.88	0.00	0.21	0.25	1.25	26	
6	8	8.46	6.88	0.00	0.22	0.24	179.47	36	
7	8	11.69	6.04	0.00	0.41	0.20	-98.79	232	
8	8	11.64	4.34	0.00	0.43	0.20	-90.32	254	
9	8	13.17	4.83	0.00	0.34	0.22	180.00	166	
10	8	13.58	5.13	0.00	0.35	0.21	-155.91	172	
11	8	15.08	5.61	0.00	0.39	0.21	-157.41	214	
12	8	15.11	6.59	0.00	0.33	0.22	-68.45	157	
13	8	16.05	6.87	0.00	0.23	0.24	-179.68	55	
14	8	2.73	3.02	0.00	0.36	0.22	93.13	180	
15	8	2.47	4.11	0.00	0.33	0.22	150.35	150	
16	8	0.99	4.30	0.00	0.30	0.23	179.69	117	
17	8	1.90	3.12	0.00	0.19	0.25	1.81	11	
18	8	3.24	3.14	0.00	0.21	0.25	-179.91	26	
19	8	7.73	3.00	0.00	0.36	0.22	93.84	183	
20	8	7.47	4.12	0.00	0.34	0.22	141.33	166	
21	8	5.69	4.25	0.00	0.43	0.20	179.50	254	
22	8	6.90	3.12	0.00	0.19	0.25	-0.43	9	
23	8	8.23	3.14	0.00	0.20	0.24	178.90	24	
24	8	15.74	3.02	0.00	0.37	0.21	93.69	193	
25	8	15.56	3.93	0.00	0.37	0.21	85.93	189	
26	8	14.11	4.14	0.00	0.38	0.21	179.85	210	
27	8	14.89	3.12	0.00	0.19	0.25	0.33	10	
28	8	16.25	3.14	0.00	0.20	0.25	179.12	24	
1	9	2.31	6.01	0.00	0.37	0.21	-79.96	193	
2	9	7.77	6.50	0.00	0.18	0.25	-160.35	1	
3	9	7.43	6.77	0.00	0.18	0.25	104.45	0	
4	9	7.92	6.83	0.00	0.19	0.25	175.00	9	
5	9	6.87	6.88	0.00	0.20	0.25	1.89	21	
6	9	8.39	6.88	0.00	0.21	0.24	-179.81	30	
7	9	11.62	5.60	0.00	0.40	0.20	-99.07	228	
8	9	11.64	3.84	0.00	0.43	0.20	-90.09	254	
9	9	12.84	4.78	0.00	0.37	0.21	-154.79	192	
10	9	13.28	4.98	0.00	0.36	0.21	-151.32	182	
11	9	14.70	5.44	0.00	0.39	0.21	-156.39	211	
12	9	15.23	6.29	0.00	0.36	0.21	-68.71	183	
13	9	15.96	6.79	0.00	0.31	0.22	-104.53	132	
14	9	2.74	3.38	0.00	0.37	0.21	86.74	196	
15	9	2.13	4.18	0.00	0.35	0.22	174.92	177	
16	9	0.85	4.30	0.00	0.22	0.24	179.56	43	
17	9	1.95	3.12	0.00	0.21	0.24	-0.76	34	
18	9	3.16	3.14	0.00	0.23	0.24	-179.02	53	
19	9	7.74	3.38	0.00	0.38	0.21	88.36	207	
20	9	7.09	4.21	0.00	0.41	0.20	175.64	233	
21	9	5.19	4.26	0.00	0.43	0.20	179.51	254	
22	9	6.95	3.12	0.00	0.22	0.24	-0.71	34	
23	9	8.15	3.14	0.00	0.23	0.24	-178.85	52	
24	9	15.74	3.36	0.00	0.34	0.22	84.37	159	
25	9	15.40	4.11	0.00	0.36	0.21	174.16	181	
26	9	13.73	4.14	0.00	0.36	0.22	179.57	181	
27	9	14.94	3.12	0.00	0.21	0.24	0.16	32	
28	9	16.17	3.14	0.00	0.23	0.24	-179.24	54	
1	10	2.08	5.87	0.00	0.36	0.21	-173.81	188	
2	10	7.76	6.50	0.00	0.18	0.25	-172.43	0	
3	10	7.43	6.77	0.00	0.18	0.25	-112.57	0	
4	10	7.90	6.83	0.00	0.19	0.25	177.38	7	
5	10	6.91	6.88	0.00	0.20	0.25	-0.51	16	
6	10	8.34	6.88	0.00	0.21	0.25	179.86	24	
7	10	11.55	5.15	0.00	0.41	0.20	-97.99	233	
8	10	11.64	3.34	0.00	0.43	0.20	-90.01	254	
9	10	12.58	4.51	0.00	0.39	0.21	-105.73	211	
10	10	12.96	4.84	0.00	0.34	0.22	-161.78	166	
11	10	14.33	5.28	0.00	0.38	0.21	-157.38	200	
12	10	15.32	5.94	0.00	0.31	0.22	-113.02	136	
13	10	15.90	6.47	0.00	0.36	0.21	-102.45	188	
14	10	2.75	3.76	0.00	0.38	0.21	93.18	202	
15	10	1.81	4.20	0.00	0.32	0.22	177.27	140	
16	10	0.79	4.30	0.00	0.20	0.25	179.43	15	
17	10	2.01	3.13	0.00	0.25	0.24	65.23	72	
18	10	3.05	3.14	0.00	0.23	0.24	-178.80	51	
19	10	7.73	3.82	0.00	0.42	0.20	93.92	241	
20	10	6.61	4.22	0.00	0.42	0.20	178.87	247	
21	10	4.69	4.26	0.00	0.43	0.20	179.52	254	
22	10	7.01	3.13	0.00	0.24	0.24	60.88	61	
23	10	8.05	3.14	0.00	0.23	0.24	179.63	52	
24	10	15.76	3.73	0.00	0.36	0.21	90.85	183	
25	10	15.01	4.13	0.00	0.37	0.21	179.46	196	
26	10	13.43	4.14	0.00	0.28	0.23	179.24	106	
27	10	15.00	3.12	0.00	0.21	0.25	-1.89	28	
28	10	16.06	3.14	0.00	0.23	0.24	-179.70	53	
1	11	1.65	5.84	0.00	0.42	0.20	-176.42	241	
2	11	7.73	6.26	0.00	0.35	0.22	-98.20	176	
3	11	7.41	6.51	0.00	0.35	0.22	-95.41	177	
4	11	7.86	6.59	0.00	0.36	0.22	-100.31	179	
5	11	6.94	6.88	0.00	0.20	0.25	-0.26	22	
6	11	8.26	6.88	0.00	0.23	0.24	179.75	51	
7	11	11.50	4.69	0.00	0.42	0.20	-93.77	242	
8	11	11.64	2.84	0.00	0.43	0.20	-90.00	254	
9	11	12.52	4.07	0.00	0.42	0.20	-92.18	242	
10	11	12.66	4.68	0.00	0.34	0.22	-129.37	163	
11	11	13.97	5.14	0.00	0.36	0.21	-160.08	187	
12	11	15.04	5.77	0.00	0.37	0.21	-156.74	193	
13	11	15.77	6.10	0.00	0.36	0.21	-118.09	182	
14	11	2.62	4.11	0.00	0.35	0.22	148.58	177	
15	11	1.48	4.21	0.00	0.38	0.21	177.10	206	
16	11	0.50	4.30	0.00	0.40	0.21	179.98	222	
17	11	2.08	3.41	0.00	0.32	0.22	85.93	141	
18	11	2.97	3.19	0.00	0.30	0.23	108.15	119	
19	11	7.54	4.13	0.00	0.36	0.21	163.62	185	
20	11	6.12	4.23	0.00	0.42	0.20	179.30	247	
21	11	4.22	4.27	0.00	0.40	0.21	178.45	225	
22	11	7.06	3.38	0.00	0.29	0.23	90.20	111	
23	11	7.97	3.21	0.00	0.31	0.22	106.61	134	
24	11	15.67	4.05	0.00	0.32	0.22	147.63	142	
25	11	14.65	4.13	0.00	0.35	0.21	179.02	171	
26	11	13.27	4.15	0.00	0.26	0.23	169.22	82	
27	11	15.06	3.34	0.00	0.33	0.22	84.13	148	
28	11	15.98	3.18	0.00	0.29	0.23	109.25	110	
1	12	1.17	5.81	0.00	0.42	0.20	-175.92	250	
2	12	7.66	5.93	0.00	0.31	0.23	-146.34	134	
3	12	7.38	6.16	0.00	0.35	0.22	-99.51	177	
4	12	7.79	6.25	0.00	0.35	0.22	-102.61	168	
5	12	7.00	6.88	0.00	0.21	0.25	0.17	28	
6	12	8.15	6.88	0.00	0.24	0.24	179.37	58	
7	12	11.48	4.21	0.00	0.42	0.20	-91.71	246	
8	12	11.64	2.34	0.00	0.43	0.20	-90.00	254	
9	12	12.52	3.58	0.00	0.42	0.20	-90.03	249	
10	12	12.56	4.34	0.00	0.37	0.21	-99.21	198	
11	12	13.65	5.04	0.00	0.34	0.22	-165.22	165	
12	12	14.69	5.63	0.00	0.36	0.21	-159.96	186	
13	12	15.52	5.88	0.00	0.36	0.21	-156.16	181	
14	12	2.27	4.23	0.00	0.38	0.21	168.48	204	
15	12	1.05	4.24	0.00	0.40	0.21	176.72	223	
16	12	0.02	4.30	0.00	0.43	0.20	179.99	250	
17	12	2.09	3.62	0.00	0.26	0.24	70.51	85	
18	12	2.90	3.51	0.00	0.37	0.21	100.45	193	
19	12	7.14	4.21	0.00	0.41	0.21	174.20	230	
20	12	5.64	4.24	0.00	0.42	0.20	179.37	246	
21	12	3.77	4.28	0.00	0.41	0.20	179.21	231	
22	12	7.08	3.55	0.00	0.26	0.23	67.35	82	
23	12	7.89	3.53	0.00	0.35	0.21	103.28	175	
24	12	15.38	4.14	0.00	0.35	0.22	166.61	172	
25	12	14.32	4.13	0.00	0.34	0.22	178.82	163	
26	12	13.13	4.17	0.00	0.25	0.24	160.74	70	
27	12	15.07	3.54	0.00	0.25	0.24	81.33	71	
28	12	15.91	3.47	0.00	0.34	0.22	101.39	164	
1	13	0.67	5.77	0.00	0.43	0.20	-174.86	254	
2	13	7.38	5.84	0.00	0.36	0.22	-170.08	184	
3	13	7.21	5.92	0.00	0.36	0.21	-169.17	186	
4	13	7.67	5.96	0.00	0.32	0.22	-151.93	139	
5	13	7.04	6.74	0.00	0.24	0.24	-81.98	64	
6	13	8.04	6.88	0.00	0.23	0.24	-179.84	52	
7	13	11.47	3.73	0.00	0.42	0.20	-91.04	247	
8	13	11.64	1.84	0.00	0.43	0.20	-90.00	254	
9	13	12.52	3.09	0.00	0.43	0.20	-90.23	250	
10	13	12.53	3.93	0.00	0.40	0.21	-90.43	218	
11	13	13.32	4.98	0.00	0.35	0.22	-170.39	174	
12	13	14.35	5.51	0.00	0.36	0.21	-160.04	182	
13	13	15.18	5.74	0.00	0.37	0.21	-159.68	190	
14	13	1.85	4.27	0.00	0.40	0.21	177.91	222	
15	13	0.58	4.26	0.00	0.43	0.20	176.53	250	
17	13	2.16	3.81	0.00	0.31	0.23	74.94	133	
18	13	2.80	3.90	0.00	0.39	0.21	114.70	214	
19	13	6.67	4.23	0.00	0.42	0.20	178.73	243	
20	13	5.16	4.24	0.00	0.41	0.20	179.43	239	
21	13	3.38	4.31	0.00	0.33	0.22	162.10	156	
22	13	7.16	3.75	0.00	0.30	0.23	69.79	117	
23	13	7.80	3.85	0.00	0.32	0.22	113.53	144	
24	13	15.04	4.19	0.00	0.36	0.21	177.37	183	
25	13	14.01	4.15	0.00	0.34	0.22	175.79	163	
26	13	12.92	4.27	0.00	0.35	0.22	162.91	175	
27	13	15.12	3.68	0.00	0.28	0.23	62.40	98	
28	13	15.83	3.78	0.00	0.35	0.22	107.66	170	
1	14	0.17	5.72	0.00	0.43	0.20	-174.10	254	
2	14	6.97	5.79	0.00	0.40	0.21	-176.14	224	
3	14	6.77	5.89	0.00	0.42	0.20	-178.22	243	
4	14	7.37	5.89	0.00	0.35	0.22	-171.33	170	
5	14	7.06	6.65	0.00	0.24	0.24	-74.86	57	
6	14	7.96	6.79	0.00	0.32	0.22	-102.60	144	
7	14	11.46	3.24	0.00	0.42	0.20	-90.95	247	
8	14	11.64	1.34	0.00	0.42	0.20	-90.00	248	
9	14	12.52	2.60	0.00	0.43	0.20	-90.11	250	
10	14	12.53	3.50	0.00	0.40	0.20	-90.15	222	
11	14	12.95	4.87	0.00	0.40	0.21	-160.39	221	
12	14	14.00	5.38	0.00	0.37	0.21	-159.78	196	
13	14	14.83	5.61	0.00	0.37	0.21	-159.68	192	
14	14	1.41	4.28	0.00	0.40	0.21	179.37	228	
15	14	0.08	4.29	0.00	0.43	0.20	176.42	254	
17	14	2.21	4.01	0.00	0.23	0.24	137.07	51	
18	14	2.58	4.15	0.00	0.32	0.22	149.41	143	
19	14	6.20	4.24	0.00	0.42	0.20	179.32	240	
20	14	4.72	4.25	0.00	0.38	0.21	179.14	204	
21	14	3.12	4.42	0.00	0.32	0.22	158.73	143	
22	14	7.24	3.96	0.00	0.29	0.23	65.15	105	
23	14	7.64	4.06	0.00	0.29	0.23	148.24	113	
24	14	14.69	4.20	0.00	0.34	0.22	178.98	161	
25	14	13.72	4.17	0.00	0.30	0.22	172.31	123	
26	14	12.79	4.06	0.00	0.36	0.21	-93.67	185	
27	14	15.21	3.90	0.00	0.31	0.23	71.11	129	
28	14	15.68	4.05	0.00	0.30	0.23	140.32	127	
2	15	6.52	5.77	0.00	0.40	0.21	-177.17	229	
3	15	6.28	5.88	0.00	0.43	0.20	-179.27	249	
4	15	7.01	5.86	0.00	0.37	0.21	-177.87	191	
5	15	7.11	6.50	0.00	0.29	0.23	-68.23	108	
6	15	7.89	6.45	0.00	0.37	0.21	-103.10	187	
7	15	11.45	2.76	0.00	0.42	0.20	-91.02	244	
8	15	11.64	0.90	0.00	0.39	0.21	-90.00	215	
9	15	12.51	2.12	0.00	0.42	0.20	-90.22	247	
10	15	12.53	3.06	0.00	0.40	0.20	-90.15	222	
11	15	12.57	4.68	0.00	0.37	0.21	-124.47	194	
12	15	13.63	5.25	0.00	0.38	0.21	-160.08	204	
13	15	14.47	5.48	0.00	0.37	0.21	-158.21	195	
14	15	0.94	4.28	0.00	0.42	0.20	179.06	250	
17	15	1.93	4.07	0.00	0.38	0.21	172.60	201	
18	15	2.25	4.24	0.00	0.38	0.21	172.26	201	
19	15	5.73	4.25	0.00	0.42	0.20	179.41	239	
20	15	4.30	4.25	0.00	0.40	0.21	179.62	223	
21	15	2.79	4.49	0.00	0.37	0.21	172.07	195	
22	15	7.11	4.04	0.00	0.36	0.21	176.01	184	
23	15	7.39	4.14	0.00	0.36	0.21	175.09	181	
24	15	14.35	4.20	0.00	0.36	0.21	179.88	187	
25	15	13.42	4.20	0.00	0.34	0.22	179.58	166	
26	15	12.79	3.66	0.00	0.39	0.21	-90.22	216	
27	15	15.19	4.05	0.00	0.31	0.23	168.26	133	
28	15	15.48	4.16	0.00	0.32	0.22	167.85	144	
2	16	6.07	5.75	0.00	0.40	0.21	-177.56	229	
3	16	5.79	5.87	0.00	0.43	0.20	-179.29	251	
4	16	6.63	5.85	0.00	0.37	0.21	-179.85	196	
5	16	7.19	6.22	0.00	0.34	0.22	-75.56	167	
6	16	7.78	6.09	0.00	0.37	0.21	-113.59	190	
7	16	11.44	2.28	0.00	0.42	0.20	-91.10	241	
8	16	11.64	0.48	0.00	0.38	0.21	-90.00	203	
9	16	12.51	1.63	0.00	0.42	0.20	-90.25	245	
10	16	12.53	2.63	0.00	0.40	0.20	-90.24	221	
11	16	12.45	4.30	0.00	0.38	0.21	-97.66	209	
12	16	13.26	5.13	0.00	0.38	0.21	-163.81	203	
13	16	14.13	5.34	0.00	0.36	0.21	-159.52	184	
14	16	0.44	4.29	0.00	0.43	0.20	178.85	254	
17	16	1.51	4.12	0.00	0.40	0.21	173.38	222	
18	16	1.83	4.28	0.00	0.39	0.21	175.69	218	
19	16	5.26	4.25	0.00	0.42	0.20	179.42	241	
20	16	3.86	4.25	0.00	0.41	0.21	179.74	229	
21	16	2.39	4.54	0.00	0.38	0.21	173.79	205	
22	16	6.69	4.06	0.00	0.41	0.20	178.09	237	
23	16	6.99	4.15	0.00	0.39	0.21	177.96	214	
24	16	14.04	4.20	0.00	0.32	0.22	179.13	144	
25	16	13.19	4.20	0.00	0.28	0.23	175.70	98	
26	16	12.78	3.23	0.00	0.39	0.21	-90.23	221	
27	16	14.87	4.07	0.00	0.34	0.22	178.14	164	
28	16	15.16	4.19	0.00	0.34	0.22	176.54	166	
2	17	5.62	5.73	0.00	0.40	0.21	-177.85	228	
3	17	5.30	5.86	0.00	0.43	0.20	-179.21	251	
4	17	6.25	5.85	0.00	0.37	0.21	-179.64	196	
5	17	7.25	5.96	0.00	0.28	0.23	-137.60	96	
6	17	7.59	5.88	0.00	0.31	0.22	-155.54	129	
7	17	11.43	1.81	0.00	0.41	0.20	-91.24	238	
8	17	11.64	0.10	0.00	0.35	0.22	-90.00	172	
9	17	12.51	1.16	0.00	0.40	0.21	-90.16	220	
10	17	12.52	2.19	0.00	0.40	0.20	-90.38	220	
11	17	12.42	3.88	0.00	0.39	0.21	-92.62	216	
12	17	12.85	5.01	0.00	0.41	0.21	-162.75	228	
13	17	13.79	5.22	0.00	0.36	0.21	-160.58	185	
17	17	1.07	4.17	0.00	0.41	0.21	173.08	231	
18	17	1.40	4.31	0.00	0.40	0.21	176.89	223	
19	17	4.78	4.26	0.00	0.42	0.20	179.42	240	
20	17	3.41	4.26	0.00	0.41	0.21	179.86	231	
21	17	1.99	4.58	0.00	0.38	0.21	174.11	207	
22	17	6.21	4.07	0.00	0.42	0.20	178.16	243	
23	17	6.56	4.17	0.00	0.39	0.21	178.27	219	
24	17	13.74	4.22	0.00	0.34	0.22	176.21	167	
25	17	12.94	4.25	0.00	0.35	0.21	170.16	178	
26	17	12.78	2.80	0.00	0.40	0.21	-90.06	221	
27	17	14.55	4.09	0.00	0.35	0.22	177.37	177	
28	17	14.83	4.21	0.00	0.35	0.22	177.01	169	
2	18	5.17	5.71	0.00	0.40	0.21	-178.13	227	
3	18	4.81	5.86	0.00	0.43	0.20	-179.12	251	
4	18	5.86	5.85	0.00	0.37	0.21	-179.58	196	
5	18	6.95	5.90	0.00	0.37	0.21	-177.13	195	
6	18	7.27	5.82	0.00	0.37	0.21	-175.95	194	
7	18	11.42	1.37	0.00	0.39	0.21	-92.37	213	
8	18	11.64	-0.11	0.00	0.24	0.24	-90.00	63	
9	18	12.51	0.76	0.00	0.37	0.21	-90.25	197	
10	18	12.52	1.78	0.00	0.38	0.21	-90.28	204	
11	18	12.41	3.45	0.00	0.39	0.21	-92.08	218	
12	18	12.47	4.80	0.00	0.38	0.21	-119.96	199	
13	18	13.43	5.10	0.00	0.36	0.21	-162.09	187	
17	18	0.60	4.23	0.00	0.43	0.20	172.88	251	
18	18	0.96	4.33	0.00	0.40	0.20	177.74	229	
19	18	4.31	4.26	0.00	0.41	0.20	179.42	238	
20	18	2.95	4.26	0.00	0.41	0.20	179.92	232	
21	18	1.58	4.62	0.00	0.38	0.21	174.52	210	
22	18	5.73	4.09	0.00	0.42	0.20	178.56	242	
23	18	6.13	4.18	0.00	0.39	0.21	178.51	219	
24	18	13.44	4.24	0.00	0.31	0.22	176.15	136	
25	18	12.79	4.03	0.00	0.37	0.21	-94.74	190	
26	18	12.78	2.37	0.00	0.39	0.21	-90.03	215	
27	18	14.21	4.10	0.00	0.33	0.22	177.17	153	
28	18	14.51	4.23	0.00	0.33	0.22	176.80	151	
2	19	4.73	5.70	0.00	0.40	0.21	-178.42	227	
3	19	4.31	5.85	0.00	0.43	0.20	-179.03	251	
4	19	5.48	5.85	0.00	0.37	0.21	-179.99	196	
5	19	6.55	5.89	0.00	0.38	0.21	-179.21	206	
6	19	6.87	5.80	0.00	0.39	0.21	-177.81	206	
7	19	11.40	1.00	0.00	0.35	0.22	-94.33	170	
8	19	11.64	-0.19	0.00	0.20	0.24	-90.00	23	
9	19	12.51	0.38	0.00	0.36	0.21	-90.35	186	
10	19	12.52	1.39	0.00	0.37	0.21	-90.30	193	
11	19	12.39	3.03	0.00	0.39	0.21	-92.05	210	
12	19	12.36	4.41	0.00	0.39	0.21	-99.64	214	
13	19	13.10	4.99	0.00	0.36	0.21	-162.10	188	
17	19	0.10	4.29	0.00	0.43	0.20	172.66	254	
18	19	0.51	4.35	0.00	0.40	0.20	178.56	227	
19	19	3.85	4.26	0.00	0.41	0.21	179.51	235	
20	19	2.49	4.26	0.00	0.41	0.20	179.96	232	
21	19	1.17	4.66	0.00	0.38	0.21	174.72	209	
22	19	5.26	4.10	0.00	0.42	0.20	178.95	240	
23	19	5.71	4.19	0.00	0.39	0.21	178.65	218	
24	19	13.20	4.24	0.00	0.28	0.23	179.93	100	
25	19	12.79	3.62	0.00	0.39	0.21	-90.04	217	
26	19	12.78	1.95	0.00	0.38	0.21	-90.36	202	
27	19	13.91	4.11	0.00	0.32	0.22	177.83	142	
28	19	14.22	4.24	0.00	0.32	0.22	177.43	139	
2	20	4.28	5.69	0.00	0.40	0.21	-178.63	226	
3	20	3.82	5.84	0.00	0.43	0.20	-178.90	251	
4	20	5.09	5.85	0.00	0.38	0.21	-179.90	198	
5	20	6.14	5.89	0.00	0.38	0.21	-179.37	207	
6	20	6.47	5.79	0.00	0.39	0.21	-177.92	207	
7	20	11.36	0.69	0.00	0.31	0.22	-101.37	134	
8	20	11.64	-0.22	0.00	0.19	0.25	-90.00	8	
9	20	12.51	0.04	0.00	0.32	0.22	-90.21	139	
10	20	12.52	1.03	0.00	0.34	0.22	-90.47	167	
11	20	12.38	2.63	0.00	0.38	0.21	-92.37	201	
12	20	12.32	3.99	0.00	0.39	0.21	-94.30	217	
13	20	12.71	4.86	0.00	0.40	0.21	-158.54	225	
18	20	0.04	4.35	0.00	0.42	0.20	179.77	249	
19	20	3.39	4.27	0.00	0.41	0.21	179.52	235	
20	20	2.03	4.26	0.00	0.41	0.20	179.80	237	
21	20	0.74	4.69	0.00	0.40	0.21	176.88	227	
22	20	4.79	4.11	0.00	0.42	0.20	178.89	240	
23	20	5.28	4.20	0.00	0.39	0.21	178.73	218	
24	20	12.98	4.25	0.00	0.32	0.22	174.71	143	
25	20	12.78	3.19	0.00	0.39	0.21	-90.23	214	
26	20	12.78	1.57	0.00	0.36	0.21	-90.37	188	
27	20	13.63	4.14	0.00	0.33	0.22	171.47	151	
28	20	13.94	4.26	0.00	0.33	0.22	175.62	149	
2	21	3.84	5.68	0.00	0.40	0.21	-178.78	226	
3	21	3.33	5.83	0.00	0.43	0.20	-178.74	251	
4	21	4.69	5.85	0.00	0.38	0.21	-179.96	207	
5	21	5.73	5.88	0.00	0.39	0.21	-179.29	210	
6	21	6.06	5.77	0.00	0.39	0.21	-177.86	208	
7	21	11.32	0.35	0.00	0.38	0.21	-94.01	210	
8	21	11.64	-0.51	0.00	0.40	0.21	-90.00	221	
9	21	12.51	-0.36	0.00	0.41	0.20	-90.07	238	
10	21	12.52	0.65	0.00	0.39	0.21	-90.09	211	
11	21	12.36	2.23	0.00	0.39	0.21	-92.30	212	
12	21	12.29	3.57	0.00	0.39	0.21	-93.68	218	
13	21	12.47	4.58	0.00	0.36	0.21	-105.34	187	
19	21	2.93	4.27	0.00	0.41	0.21	179.48	236	
20	21	1.56	4.26	0.00	0.42	0.20	179.52	242	
21	21	0.27	4.71	0.00	0.42	0.20	179.56	250	
22	21	4.32	4.12	0.00	0.42	0.20	178.80	240	
23	21	4.85	4.21	0.00	0.39	0.21	178.81	218	
24	21	12.82	4.08	0.00	0.36	0.21	-96.04	180	
25	21	12.78	2.77	0.00	0.39	0.20	-90.18	218	
26	21	12.78	1.18	0.00	0.39	0.21	-90.13	211	
27	21	13.38	4.18	0.00	0.28	0.23	173.05	96	
28	21	13.68	4.28	0.00	0.29	0.23	174.82	113	
2	22	3.39	5.67	0.00	0.40	0.21	-178.87	226	
3	22	2.83	5.82	0.00	0.43	0.20	-178.57	251	
4	22	4.28	5.85	0.00	0.39	0.21	-179.94	214	
5	22	5.32	5.87	0.00	0.39	0.21	-179.18	214	
6	22	5.65	5.76	0.00	0.39	0.21	-177.87	211	
7	22	11.30	-0.08	0.00	0.40	0.21	-93.05	226	
8	22	11.64	-0.98	0.00	0.43	0.20	-90.00	250	
9	22	12.50	-0.85	0.00	0.43	0.20	-90.33	252	
10	22	12.52	0.23	0.00	0.40	0.21	-90.01	219	
11	22	12.34	1.80	0.00	0.39	0.21	-92.36	217	
12	22	12.26	3.14	0.00	0.40	0.21	-93.62	219	
13	22	12.41	4.21	0.00	0.38	0.21	-95.56	198	
19	22	2.46	4.28	0.00	0.42	0.20	179.40	239	
20	22	1.08	4.27	0.00	0.43	0.20	178.71	250	
22	22	3.85	4.13	0.00	0.42	0.20	178.66	239	
23	22	4.42	4.22	0.00	0.39	0.21	178.90	218	
24	22	12.81	3.68	0.00	0.39	0.21	-90.08	217	
25	22	12.78	2.34	0.00	0.40	0.20	-90.28	223	
26	22	12.78	0.75	0.00	0.39	0.21	-90.35	219	
27	22	13.20	4.20	0.00	0.28	0.23	166.01	104	
28	22	13.44	4.30	0.00	0.31	0.23	175.31	129	
2	23	2.95	5.66	0.00	0.40	0.21	-178.97	226	
3	23	2.34	5.81	0.00	0.43	0.20	-178.38	251	
4	23	3.85	5.85	0.00	0.39	0.21	-179.80	216	
5	23	4.90	5.87	0.00	0.39	0.21	-179.07	215	
6	23	5.23	5.74	0.00	0.39	0.21	-177.90	212	
7	23	11.28	-0.55	0.00	0.42	0.20	-90.45	250	
10	23	12.52	-0.23	0.00	0.42	0.20	-90.20	246	
11	23	12.32	1.37	0.00	0.39	0.21	-92.38	220	
12	23	12.23	2.71	0.00	0.40	0.21	-93.70	220	
13	23	12.38	3.82	0.00	0.38	0.21	-93.24	201	
19	23	1.99	4.28	0.00	0.42	0.20	179.39	241	
20	23	0.58	4.28	0.00	0.43	0.20	178.22	254	
22	23	3.38	4.14	0.00	0.42	0.20	178.51	239	
23	23	3.99	4.23	0.00	0.39	0.21	178.99	218	
24	23	12.81	3.24	0.00	0.40	0.21	-90.24	222	
25	23	12.78	1.90	0.00	0.40	0.20	-90.31	226	
26	23	12.77	0.32	0.00	0.40	0.21	-90.25	227	
27	23	12.91	4.28	0.00	0.37	0.21	172.28	195	
28	23	13.17	4.32	0.00	0.34	0.22	179.98	162	
2	24	2.51	5.65	0.00	0.40	0.21	-179.12	225	
3	24	1.84	5.79	0.00	0.43	0.20	-178.18	251	
4	24	3.43	5.84	0.00	0.39	0.21	-179.60	217	
5	24	4.47	5.86	0.00	0.39	0.21	-178.94	217	
6	24	4.81	5.73	0.00	0.39	0.21	-177.95	213	
10	24	12.51	-0.72	0.00	0.43	0.20	-90.21	253	
11	24	12.31	0.94	0.00	0.40	0.21	-92.44	222	
12	24	12.20	2.27	0.00	0.40	0.21	-93.75	220	
13	24	12.36	3.42	0.00	0.38	0.21	-92.93	203	
19	24	1.51	4.29	0.00	0.42	0.20	179.42	243	
20	24	0.09	4.30	0.00	0.43	0.20	178.03	254	
22	24	2.91	4.15	0.00	0.42	0.20	178.33	240	
23	24	3.56	4.23	0.00	0.39	0.21	179.08	218	
24	24	12.81	2.81	0.00	0.40	0.21	-90.31	224	
25	24	12.78	1.45	0.00	0.40	0.20	-90.01	227	
26	24	12.77	-0.13	0.00	0.40	0.21	-91.35	229	
27	24	12.76	4.06	0.00	0.35	0.22	-95.21	177	
28	24	12.84	4.29	0.00	0.32	0.22	-141.27	145	
2	25	2.07	5.65	0.00	0.40	0.21	-179.31	225	
3	25	1.35	5.77	0.00	0.43	0.20	-177.58	254	
4	25	3.00	5.84	0.00	0.39	0.21	-179.36	217	
5	25	4.05	5.85	0.00	0.39	0.21	-178.81	215	
6	25	4.39	5.71	0.00	0.39	0.21	-178.05	215	
11	25	12.29	0.50	0.00	0.40	0.20	-92.49	229	
12	25	12.17	1.84	0.00	0.40	0.21	-93.78	221	
13	25	12.34	3.03	0.00	0.38	0.21	-92.87	201	
19	25	1.03	4.29	0.00	0.43	0.20	179.44	252	
22	25	2.44	4.17	0.00	0.42	0.20	178.13	241	
23	25	3.13	4.24	0.00	0.39	0.21	179.18	218	
24	25	12.80	2.36	0.00	0.40	0.21	-90.02	225	
25	25	12.78	1.00	0.00	0.41	0.20	-90.05	230	
26	25	12.75	-0.59	0.00	0.42	0.20	-94.94	244	
27	25	12.76	3.68	0.00	0.38	0.21	-90.36	207	
28	25	12.76	3.99	0.00	0.35	0.22	-92.13	177	
2	26	1.62	5.64	0.00	0.40	0.21	-179.54	225	
3	26	0.85	5.75	0.00	0.43	0.20	-177.29	254	
4	26	2.58	5.83	0.00	0.39	0.21	-179.04	217	
5	26	3.62	5.84	0.00	0.39	0.21	-178.66	216	
6	26	3.97	5.70	0.00	0.39	0.21	-178.17	214	
11	26	12.27	0.05	0.00	0.41	0.20	-91.67	237	
12	26	12.15	1.41	0.00	0.40	0.21	-93.70	223	
13	26	12.32	2.63	0.00	0.38	0.21	-92.85	203	
19	26	0.53	4.30	0.00	0.43	0.20	179.44	254	
22	26	1.96	4.18	0.00	0.42	0.20	177.88	242	
23	26	2.71	4.25	0.00	0.39	0.21	179.26	218	
24	26	12.80	1.92	0.00	0.40	0.21	-90.27	226	
25	26	12.78	0.55	0.00	0.41	0.20	-90.03	234	
27	26	12.75	3.27	0.00	0.39	0.21	-90.15	213	
28	26	12.76	3.63	0.00	0.37	0.21	-90.25	190	
2	27	1.18	5.64	0.00	0.40	0.21	-179.78	224	
3	27	0.35	5.73	0.00	0.43	0.20	-176.91	254	
4	27	2.15	5.82	0.00	0.39	0.21	-178.65	218	
5	27	3.20	5.83	0.00	0.39	0.21	-178.53	217	
6	27	3.55	5.68	0.00	0.39	0.21	-178.18	214	
11	27	12.26	-0.44	0.00	0.43	0.20	-90.21	252	
12	27	12.12	0.97	0.00	0.40	0.21	-93.54	226	
13	27	12.30	2.23	0.00	0.38	0.21	-92.89	206	
19	27	0.03	4.30	0.00	0.43	0.20	179.43	254	
22	27	1.49	4.20	0.00	0.42	0.20	177.58	242	
23	27	2.28	4.25	0.00	0.39	0.21	179.33	218	
24	27	12.80	1.47	0.00	0.40	0.21	-90.10	228	
25	27	12.77	0.08	0.00	0.41	0.20	-90.28	239	
27	27	12.75	2.84	0.00	0.39	0.21	-90.22	216	
28	27	12.75	3.25	0.00	0.37	0.21	-90.45	192	
2	28	0.74	5.64	0.00	0.41	0.21	-179.74	238	
4	28	1.72	5.81	0.00	0.40	0.21	-177.90	222	
5	28	2.77	5.82	0.00	0.40	0.21	-178.37	218	
6	28	3.14	5.67	0.00	0.39	0.21	-178.16	214	
11	28	12.26	-0.94	0.00	0.43	0.20	-90.03	254	
12	28	12.09	0.52	0.00	0.41	0.21	-93.33	229	
13	28	12.28	1.82	0.00	0.39	0.21	-92.96	211	
22	28	1.00	4.22	0.00	0.43	0.20	176.87	251	
23	28	1.84	4.26	0.00	0.40	0.21	179.21	222	
24	28	12.80	1.02	0.00	0.41	0.20	-90.18	230	
25	28	12.77	-0.39	0.00	0.41	0.20	-91.74	238	
27	28	12.75	2.42	0.00	0.40	0.21	-90.00	220	
28	28	12.75	2.87	0.00	0.37	0.21	-90.34	194	
2	29	0.25	5.64	0.00	0.43	0.20	-179.97	252	
4	29	1.28	5.79	0.00	0.40	0.21	-177.34	224	
5	29	2.34	5.81	0.00	0.40	0.21	-178.23	218	
6	29	2.72	5.66	0.00	0.39	0.21	-178.15	214	
12	29	12.07	0.06	0.00	0.41	0.20	-92.89	237	
13	29	12.26	1.40	0.00	0.39	0.21	-92.99	216	
22	29	0.51	4.26	0.00	0.43	0.20	176.00	254	
23	29	1.41	4.26	0.00	0.40	0.21	179.10	224	
24	29	12.80	0.57	0.00	0.41	0.20	-90.25	234	
25	29	12.73	-0.87	0.00	0.43	0.20	-97.65	251	
27	29	12.75	1.98	0.00	0.40	0.21	-90.18	223	
28	29	12.75	2.49	0.00	0.37	0.21	-90.09	197	
4	30	0.83	5.77	0.00	0.42	0.20	-176.47	242	
5	30	1.91	5.79	0.00	0.40	0.21	-178.07	220	
6	30	2.29	5.64	0.00	0.39	0.21	-178.18	216	
12	30	12.05	-0.41	0.00	0.43	0.20	-90.65	250	
13	30	12.23	0.97	0.00	0.40	0.21	-92.87	222	
22	30	0.01	4.30	0.00	0.43	0.20	173.68	254	
23	30	0.97	4.27	0.00	0.40	0.20	178.75	225	
24	30	12.79	0.10	0.00	0.42	0.20	-91.19	242	
27	30	12.75	1.54	0.00	0.40	0.21	-90.21	225	
28	30	12.75	2.10	0.00	0.38	0.21	-90.14	201	
4	31	0.34	5.73	0.00	0.43	0.20	-175.00	253	
5	31	1.48	5.78	0.00	0.40	0.21	-177.56	224	
6	31	1.87	5.63	0.00	0.40	0.21	-178.01	219	
12	31	12.05	-0.91	0.00	0.43	0.20	-90.09	254	
13	31	12.21	0.53	0.00	0.40	0.21	-92.88	225	
23	31	0.49	4.28	0.00	0.42	0.20	178.52	250	
24	31	12.78	-0.38	0.00	0.42	0.20	-92.75	243	
27	31	12.75	1.10	0.00	0.40	0.21	-90.19	226	
28	31	12.75	1.70	0.00	0.38	0.21	-90.26	205	
5	32	1.03	5.76	0.00	0.41	0.20	-177.40	237	
6	32	1.43	5.61	0.00	0.40	0.21	-178.18	223	
13	32	12.19	0.08	0.00	0.41	0.20	-92.96	233	
24	32	12.73	-0.86	0.00	0.43	0.20	-98.73	252	
27	32	12.75	0.65	0.00	0.41	0.21	-90.05	230	
28	32	12.75	1.29	0.00	0.39	0.21	-90.23	211	
5	33	0.55	5.73	0.00	0.43	0.20	-176.70	252	
6	33	0.99	5.60	0.00	0.41	0.20	-177.99	228	
13	33	12.17	-0.39	0.00	0.42	0.20	-90.68	249	
27	33	12.74	0.19	0.00	0.41	0.20	-90.14	238	
28	33	12.74	0.87	0.00	0.39	0.21	-90.55	216	
5	34	0.05	5.70	0.00	0.43	0.20	-176.39	254	
6	34	0.54	5.58	0.00	0.41	0.20	-178.24	228	
13	34	12.17	-0.89	0.00	0.43	0.20	-90.09	254	
27	34	12.74	-0.28	0.00	0.42	0.20	-90.26	239	
28	34	12.74	0.44	0.00	0.39	0.21	-90.89	218	
6	35	0.07	5.58	0.00	0.43	0.20	-179.74	250	
27	35	12.73	-0.76	0.00	0.43	0.20	-94.41	251	
28	35	12.73	0.01	0.00	0.40	0.21	-91.72	224	
28	36	12.72	-0.44	0.00	0.42	0.20	-91.71	244	
28	37	12.70	-0.93	0.00	0.43	0.20	-91.65	253	
